Segundo Ejercicio En este segundo Ejercicio fue Concetar un sensor infrarojo y registrar datos de dicho inrarojo que provenia de un control que habia sido entregado por el docente.
#Codigo
import time
import rp2
from machine import Pin

@rp2.asm_pio(set_init=rp2.PIO.OUT_LOW)
def blink():
    label('inicio')
    mov(x,invert(null))
    jmp(pin,'uno')
    label('cero')
    set(pins, 0)
    jmp(x_dec,'cero_bis')
    jmp('fin')
    label('cero_bis')
    jmp(pin,'fin')
    jmp('cero')
    label('uno')
    set(pins, 1)
    jmp(x_dec,'uno_bis')
    jmp('fin')
    label('uno_bis')
    nop()
    jmp(pin,'uno')
    label('fin')
    mov(isr,x)
    push(noblock)
    jmp('inicio')


sm = rp2.StateMachine(
    0,
    blink,
    freq=38000*100,
    set_base=Pin(0),
    jmp_pin= Pin(17, Pin.IN, Pin.PULL_UP)
)

sm.active(1)
while True:
    dat=sm.get()
    print(2**32-dat,end=', ')

A continuación se presencia los datos obtenidos de precionar un botón del control 10 veces.
dat=[[ 4437, 681, 483, 649, 486, 652, 483, 651, 484, 650, 485, 652, 484, 653, 483, 654, 481, 652, 1589, 655, 1560, 682, 1587, 656, 1562, 682, 1586, 658, 1559, 684, 1561, 683, 1558, 686, 478, 660, 1558, 686, 1582, 661, 476, 662, 1554, 691, 477, 663, 475, 398, 479, 659, 1584, 660, 478, 659, 479, 658, 1559, 686, 478, 658, 1562, 683, 1556, 687, 1559, 684] ,
[4468, 649, 515, 621, 516, 621, 514, 618, 518, 622, 514, 620, 516, 625, 511, 620, 516, 619, 1599, 646, 1620, 649, 1593, 622, 1620, 624, 1618, 627, 1615, 650, 1593, 623, 1619, 650, 487, 619, 1622, 622, 1621, 626, 510, 623, 1619, 626, 511, 638, 497, 626, 510, 626, 1616, 629, 508, 649, 486, 625, 1618, 651, 485, 653, 1590, 625, 1617, 652, 1590, 652] ,
[4398, 690, 475, 662, 475, 659, 477, 660, 477, 662, 474, 659, 478, 659, 477, 661, 476, 661, 1582, 660, 1583, 660, 1582, 661, 1582, 661, 1582, 661, 1583, 661, 1582, 662, 1581, 660, 478, 659, 1585, 658, 1585, 659, 479, 659, 1583, 659, 479, 660, 478, 659, 478, 657, 1586, 657, 481, 658, 479, 656, 1587, 658, 479, 656, 1587, 660, 1584, 659, 1586, 658] ,
[4471, 619, 546, 585, 551, 590, 546, 589, 547, 590, 546, 591, 545, 565, 572, 590, 545, 590, 1653, 588, 1654, 588, 1654, 589, 1653, 590, 1652, 592, 1652, 588, 1654, 591, 1652, 616, 521, 589, 1653, 566, 1676, 591, 546, 592, 1650, 590, 547, 616, 521, 588, 547, 591, 1651, 590, 547, 591, 545, 614, 1628, 593, 545, 591, 1650, 591, 1651, 593, 1649, 590] ,
[4397, 691, 476, 658, 479, 658, 479, 660, 476, 659, 478, 656, 481, 658, 477, 659, 479, 656, 1557, 687, 1557, 686, 1555, 658, 1584, 660, 1585, 658, 1585, 680, 1564, 657, 1588, 653, 484, 654, 1589, 655, 1588, 658, 482, 656, 1588, 652, 486, 680, 458, 680, 458, 652, 1592, 654, 485, 677, 461, 649, 1593, 652, 487, 650, 1592, 652, 1592, 650, 1594, 652] ,
[4488, 574, 584, 576, 537, 600, 561, 575, 561, 573, 563, 576, 538, 571, 586, 576, 560, 577, 1666, 549, 1693, 549, 1694, 551, 1666, 601, 1643, 598, 1667, 576, 1666, 577, 1665, 550, 560, 576, 1693, 576, 1665, 578, 559, 549, 1666, 577, 564, 598, 560, 576, 559, 551, 1692, 549, 585, 551, 587, 548, 1694, 574, 561, 576, 1665, 576, 1666, 550, 1670, 625] ,
[4511, 549, 564, 573, 586, 578, 561, 547, 588, 548, 559, 578, 563, 575, 587, 575, 564, 575, 1669, 577, 1666, 604, 1640, 550, 1695, 551, 1693, 578, 1668, 579, 1640, 574, 1727, 525, 614, 578, 1642, 604, 1636, 553, 589, 573, 1752, 441, 698, 467, 590, 551, 606, 532, 1691, 552, 619, 523, 562, 547, 1753, 520, 644, 494, 1723, 554, 1665, 549, 1694, 581] ,
[4397, 690, 476, 660, 477, 660, 477, 662, 475, 662, 476, 661, 477, 663, 476, 662, 476, 661, 1583, 664, 1581, 659, 1586, 655, 1590, 627, 1618, 627, 1617, 629, 1617, 628, 1617, 628, 512, 626, 1618, 655, 1591, 652, 486, 652, 1593, 627, 512, 626, 512, 627, 512, 626, 1618, 652, 487, 629, 510, 628, 1616, 655, 484, 625, 1620, 651, 1594, 653, 1592, 626] ,
[4401, 687, 477, 659, 478, 658, 478, 659, 476, 660, 476, 659, 477, 659, 477, 660, 475, 659, 1584, 660, 1582, 661, 1581, 662, 1580, 660, 1583, 662, 1580, 661, 1582, 661, 1582, 661, 476, 658, 1584, 660, 1583, 661, 476, 658, 1585, 660, 476, 660, 478, 659, 477, 659, 1583, 661, 477, 655, 482, 657, 1585, 658, 479, 655, 1588, 624, 1619, 621, 1621, 592] ,
[4404, 689, 476, 657, 478, 660, 476, 658, 478, 658, 477, 658, 478, 658, 477, 660, 475, 660, 1581, 660, 1582, 65]]
